2 0.003054690361022949
3 0.003917312622070313
4 0.004627156257629395
5 0.00540766716003418
6 0.006117558479309082
7 0.006452441215515137
8 0.0064724206924438475
9 0.006718206405639649
10 0.0069553136825561525
11 0.006991052627563476
12 0.007992744445800781
13 0.00743412971496582
14 0.007523083686828613
15 0.008262109756469727
16 0.007709622383117676
17 0.00790548324584961
18 0.008185696601867676
19 0.009716486930847168
20 0.008520984649658203
21 0.008238935470581054
22 0.008854889869689941
23 0.008948874473571778
24 0.009103870391845703
25 0.009343624114990234
26 0.009345412254333496
27 0.009560155868530273
28 0.009477615356445312
29 0.009948182106018066
30 0.010027670860290527
31 0.010158729553222657
32 0.010546469688415527
33 0.011117100715637207
34 0.010385560989379882
35 0.010506296157836914
36 0.011292409896850587
37 0.011489963531494141
38 0.011275458335876464
39 0.011293339729309081
40 0.011441326141357422
41 0.011862802505493163
42 0.01180858612060547
43 0.011934995651245117
44 0.01221139430999756
45 0.012121462821960449
46 0.012415218353271484
47 0.012742757797241211
48 0.012486124038696289
49 0.013029980659484863
50 0.012966680526733398
51 0.013278007507324219
52 0.01336684226989746
53 0.013448476791381836
54 0.013695812225341797
55 0.01463921070098877
56 0.013893389701843261
57 0.01695258617401123
58 0.015810132026672363
59 0.014426326751708985
60 0.014696359634399414
61 0.014995408058166505
62 0.014861774444580079
63 0.014897346496582031
64 0.01729922294616699
65 0.01813690662384033
66 0.022623658180236816
67 0.020726490020751952
68 0.021621060371398926
69 0.021816182136535644
70 0.02185215950012207
71 0.021839547157287597
72 0.025089311599731445
73 0.016684484481811524
74 0.019472432136535645
75 0.025290536880493163
76 0.019555330276489258
77 0.019669389724731444
78 0.029922103881835936
79 0.025260090827941895
80 0.025389337539672853
81 0.02587082386016846
82 0.028783774375915526
83 0.03454265594482422
84 0.03132963180541992
85 0.03678438663482666
86 0.04001178741455078
87 0.029848670959472655
88 0.035038161277771
89 0.04179995059967041
90 0.0330101490020752
91 0.04505658149719238
92 0.042445802688598634
93 0.04202313423156738
94 0.042812347412109375
95 0.04828956127166748
96 0.0468937873840332
97 0.04383330345153809
98 0.04856152534484863
99 0.045474910736083986
100 0.047333812713623045
101 0.04947593212127686
102 0.04927282333374024
103 0.04753303527832031
104 0.05100159645080567
105 0.04968669414520264
106 0.05115079879760742
107 0.05076324939727783
108 0.050779104232788086
109 0.05090188980102539
110 0.051399827003479004
111 0.0483532190322876
112 0.052112579345703125
113 0.052278661727905275
114 0.05269019603729248
115 0.05292103290557861
116 0.05329785346984863
117 0.052718830108642575
118 0.05227162837982178
119 0.053763747215270996
120 0.053569245338439944
121 0.05296657085418701
122 0.054171514511108396
123 0.05380206108093262
124 0.054276251792907716
125 0.05417535305023193
126 0.05512125492095947
127 0.054897093772888185
128 0.05588719844818115
129 0.05491993427276611
130 0.05536353588104248
131 0.050693941116333005
132 0.05597884654998779
133 0.056703734397888186
134 0.05547566413879394
135 0.05616850852966308
136 0.05641794204711914
137 0.05703403949737549
138 0.056990194320678714
139 0.05689103603363037
140 0.05607559680938721
141 0.05658156871795654
142 0.05705757141113281
143 0.05689694881439209
144 0.058448410034179686
145 0.05870234966278076
146 0.05793085098266602
147 0.05807139873504639
148 0.057890915870666505
149 0.05882840156555176
150 0.05927765369415283
151 0.05969913005828857
152 0.060051584243774415
153 0.06247107982635498
154 0.05873503684997559
155 0.06008467674255371
156 0.05913145542144775
157 0.05920829772949219
158 0.05904679298400879
159 0.06059432029724121
160 0.061629962921142575
161 0.06103792190551758
162 0.06084001064300537
163 0.06135964393615723
164 0.060915684700012206
165 0.06111907958984375
166 0.06067898273468018
167 0.06145622730255127
168 0.061166906356811525
169 0.06226258277893067
170 0.06246850490570068
171 0.0625157117843628
172 0.06262049674987794
173 0.06253783702850342
174 0.06220123767852783
175 0.06320507526397705
176 0.0630103588104248
177 0.06374740600585938
178 0.06248018741607666
179 0.06415412425994874
180 0.06384584903717042
181 0.06341726779937744
182 0.06410765647888184
183 0.0632145881652832
184 0.06415467262268067
185 0.06437606811523437
186 0.06435129642486573
187 0.06480278968811035
188 0.0645747423171997
189 0.06675522327423096
190 0.06456670761108399
191 0.06613736152648926
192 0.06443867683410645
193 0.06731710433959961
194 0.06584005355834961
195 0.06620686054229737
196 0.06647403240203857
197 0.06694152355194091
198 0.06660103797912598
199 0.06579439640045166
200 0.06649129390716553
201 0.06638352870941162
202 0.06624159812927247
203 0.0686079740524292
204 0.06712126731872559
205 0.06688814163208008
206 0.06852509975433349
207 0.06808304786682129
208 0.06852254867553711
209 0.06828119754791259
210 0.06915395259857178
211 0.0674485445022583
212 0.06890883445739746
213 0.06786632537841797
214 0.06874940395355225
215 0.0679905891418457
216 0.06839733123779297
217 0.06976161003112794
218 0.0703843355178833
219 0.06866354942321777
220 0.07111063003540039
221 0.07004148960113525
222 0.07109122276306153
223 0.07043149471282958
224 0.07037792205810547
225 0.06960570812225342
226 0.07127480506896973
227 0.06950125694274903
228 0.07088634967803956
229 0.0717968225479126
230 0.07103283405303955
231 0.0710033893585205
232 0.07077751159667969
233 0.07093224525451661
234 0.07141757011413574
235 0.07212605476379394
236 0.07156248092651367
237 0.07208471298217774
238 0.07283482551574708
239 0.07192268371582031
240 0.07336649894714356
241 0.07115118503570557
242 0.07216665744781495
243 0.07282969951629639
244 0.07287416458129883
245 0.07356560230255127
246 0.07370183467864991
247 0.07338902950286866
248 0.07348477840423584
249 0.07419450283050537
250 0.07398285865783691
251 0.07562088966369629
252 0.07591774463653564
253 0.07451310157775878
254 0.07529857158660888
255 0.07409939765930176
256 0.07402911186218261
257 0.07502896785736084
258 0.07618968486785889
259 0.07601075172424317
260 0.0763437032699585
261 0.07484774589538574
262 0.0759204626083374
263 0.07500283718109131
264 0.07654533386230469
265 0.07605431079864503
266 0.07738995552062988
267 0.07755262851715088
268 0.07742016315460205
269 0.07700059413909913
270 0.07793388366699219
271 0.07852432727813721
272 0.07765593528747558
273 0.07781479358673096
274 0.07808883190155029
275 0.07993214130401612
276 0.07880425453186035
277 0.07832162380218506
278 0.07609689235687256
279 0.07938570976257324
280 0.07801034450531005
281 0.07861075401306153
282 0.07835671901702881
283 0.07937233448028565
284 0.07908899784088134
285 0.07876226902008057
286 0.07997028827667237
287 0.07964155673980713
288 0.07973589897155761
289 0.08136277198791504
290 0.08100411891937256
291 0.08105835914611817
292 0.08064744472503663
293 0.0812497615814209
294 0.08043913841247559
295 0.08202228546142579
296 0.08085522651672364
297 0.08058125972747802
298 0.0815702199935913
299 0.08217051029205322
300 0.08074402809143066
301 0.08294491767883301
302 0.08111956119537353
303 0.08247292041778564
304 0.0824669361114502
305 0.083316969871521
306 0.08322391510009766
307 0.08316624164581299
308 0.082330322265625
309 0.08320508003234864
310 0.08424723148345947
311 0.08279953002929688
312 0.08229453563690185
313 0.0838810920715332
314 0.08388299942016601
315 0.08591306209564209
316 0.08441777229309082
317 0.08482933044433594
318 0.0848663330078125
319 0.08606958389282227
320 0.0850600242614746
321 0.08626821041107177
322 0.08695015907287598
323 0.08511526584625244
324 0.08514950275421143
325 0.0869037389755249
326 0.0852271318435669
327 0.08493278026580811
328 0.08617939949035644
329 0.0877835988998413
330 0.086104416847229
331 0.08661983013153077
332 0.08725912570953369
333 0.08675959110260009
334 0.08839359283447265
335 0.08631834983825684
336 0.08739120960235595
337 0.08743245601654052
338 0.09024062156677246
339 0.08705296516418456
340 0.08906383514404297
341 0.08880379199981689
342 0.08816521167755127
343 0.08787152767181397
344 0.08816258907318116
345 0.0894172191619873
346 0.08901786804199219
347 0.08812017440795898
348 0.08825395107269288
349 0.09026429653167725
350 0.08857228755950927
351 0.0905534267425537
352 0.09023663997650147
353 0.09004931449890137
354 0.09106581211090088
355 0.09077069759368897
356 0.09080758094787597
357 0.09264016151428223
358 0.09021172523498536
359 0.09180948734283448
360 0.09100806713104248
361 0.09146370887756347
362 0.09137063026428223
363 0.09070358276367188
364 0.09250838756561279
365 0.0929908275604248
366 0.09225625991821289
367 0.0925396203994751
368 0.09270761013031006
369 0.09357702732086182
370 0.09203133583068848
371 0.09254724979400634
372 0.09384164810180665
373 0.09391129016876221
374 0.093182373046875
375 0.09384696483612061
376 0.09315032958984375
377 0.0939291000366211
378 0.09630384445190429
379 0.09420301914215087
380 0.09393763542175293
381 0.0948833703994751
382 0.09459338188171387
383 0.09591886997222901
384 0.09493844509124756
385 0.09382233619689942
386 0.09481930732727051
387 0.09749128818511962
388 0.09604945182800292
389 0.09632091522216797
390 0.09640364646911621
391 0.09745297431945801
392 0.0965994119644165
393 0.09578835964202881
394 0.09846150875091553
395 0.09724190235137939
396 0.09776382446289063
397 0.0983839750289917
398 0.0979339599609375
399 0.09788949489593506
400 0.09647669792175292
