2 0.007377103337070398
3 0.00026790301005045575
4 0.00032895803451538086
5 0.0007557868957519531
6 0.00067138671875
7 0.0005080359322684151
8 0.00045943260192871094
9 0.0005057387881808811
10 0.0005640029907226562
11 0.0007796070792458274
12 0.0005492766698201498
13 0.0011054002321683443
14 0.0006499460765293666
15 0.0004926045735677083
16 0.0006392896175384521
17 0.0008670171101888021
18 0.0012604060925935443
19 0.0010471594961065996
20 0.001750009400503976
21 0.00104497608385588
22 0.0010288203204119647
23 0.0011980533599853516
24 0.0015929539998372395
25 0.0010973453521728516
26 0.005723514054950915
27 0.011460993025037978
28 0.0017239684643952744
29 0.0013066817974222117
30 0.0014548460642496745
31 0.0012969278520153415
32 0.0017298460006713867
33 0.001085837682088216
34 0.0018353197309705946
35 0.0009590122434828016
36 0.0013595720132191975
37 0.0009585973378774282
38 0.0014548615405434056
39 0.0012006209446833683
40 0.0017664372920989991
41 0.0014083676221894055
42 0.0016354208900814964
43 0.0016726596014840262
44 0.0010200305418534713
45 0.002928749720255534
46 0.002196000969928244
47 0.0019737558161958737
48 0.0016268988450368245
49 0.002413842142844687
50 0.0020768117904663087
51 0.0019365525713153913
52 0.0021430620780357947
53 0.0019039972773138081
54 0.002302319915206344
55 0.002642328088933771
56 0.0023581853934696744
57 0.001988603357683148
58 0.002969259911395134
59 0.002227958043416341
60 0.002184127506456877
61 0.0021944671380715293
62 0.002540249978342364
63 0.0026096654316735647
64 0.002096850425004959
65 0.0021174100729135364
66 0.001852942235542066
67 0.002209097591798697
68 0.0028246430789723117
69 0.0018329858779907227
70 0.0028705428628360524
71 0.002564527619052941
72 0.0026955968803829616
73 0.0024798863554654055
74 0.0028173536867708775
75 0.001939531962076823
76 0.0034421337278265703
77 0.003139474175193093
78 0.008222365990663186
79 0.002870773657774314
80 0.0029226791711501133
81 0.002896235312944577
82 0.003434053281458413
83 0.002805563340704125
84 0.0023060554549807592
85 0.0037162023432114545
86 0.0022628806358159976
87 0.0030968600306017645
88 0.003393506461923773
89 0.003800242134694303
90 0.003251791000366211
91 0.0033634494949173143
92 0.004004297049149223
93 0.002804302400158298
94 0.003580017292753179
95 0.00354377596001876
96 0.0031822572151819863
97 0.0033500440341910137
98 0.0034816094807216097
99 0.0027219695274275963
100 0.0032320642471313477
101 0.0027544946953801824
102 0.00447996924905216
103 0.0032430134930656954
104 0.003549440548970149
105 0.003132152557373047
106 0.003631222922846956
107 0.0026968193945483628
108 0.0030204079769275806
109 0.00359256989365324
110 0.003686976432800293
111 0.0038188534813958243
112 0.004195930702345712
113 0.0034062482614432817
114 0.0035520227331864206
115 0.003633814272673234
116 0.004270391217593489
117 0.0037431961450821315
118 0.004485817278845836
119 0.003707813615558528
120 0.005030012130737305
121 0.004022172659881844
122 0.004367908493417208
123 0.004704192401917
124 0.004228055477142334
125 0.004647211074829101
126 0.004603594068496946
127 0.00420762985710084
128 0.004290975630283356
129 0.0041793649510819784
130 0.003442817467909593
131 0.004731873519548023
132 0.004479334209904526
133 0.004012505810959895
134 0.0047078280322319635
135 0.004652105904872122
136 0.005488313296261956
137 0.005086904024555736
138 0.004611103431038235
139 0.0036048974922235064
140 0.005628880432673863
141 0.005586877782294091
142 0.005090953598559742
143 0.004559558588308054
144 0.004587757918569777
145 0.0037159903296108904
146 0.003915118844541785
147 0.005152165484266216
148 0.004515634913022826
149 0.004950892130533854
150 0.005204029083251953
151 0.005280613109765463
152 0.004739392744867425
153 0.004976080913169712
154 0.005313048115024319
155 0.005440468941965411
156 0.0042929450670878095
157 0.0035736226731804526
158 0.0054414996617957005
159 0.004516573072229541
160 0.004776759445667267
161 0.006015222265113214
162 0.004608915175920651
163 0.004275608647820409
164 0.004694216135071545
165 0.00597011103774562
166 0.004185279210408528
167 0.005294340883376282
168 0.0051513683228265675
169 0.005750014231755183
170 0.0061748743057250975
171 0.004657117331900247
172 0.005987473706293373
173 0.005265178018911725
174 0.005977264766035409
175 0.004707311902727399
176 0.0051985979080200195
177 0.007212618650016138
178 0.006437778472900391
179 0.0053629968419421315
180 0.00638810396194458
181 0.005890768535887997
182 0.004251033561664392
183 0.005788796621820201
184 0.004282072834346605
185 0.00596601254231221
186 0.004486441612243652
187 0.006380950703340418
188 0.004863694627234277
189 0.006910538547253483
190 0.00633660868594521
191 0.006983929279587031
192 0.0055336542427539825
193 0.00755179113674658
194 0.005586598337311106
195 0.0052901536990434695
196 0.006720887154948955
197 0.0058896904669437315
198 0.007496809718584773
199 0.006189391840642421
200 0.006032537221908569
201 0.005113841289311499
202 0.007063306204163202
203 0.004724371022191541
204 0.007525096921359792
205 0.006770525909051662
206 0.007392254847924686
207 0.00627358869653969
208 0.004307471788846529
209 0.007109385358089465
210 0.006079714638846261
211 0.007025728858477696
212 0.005523740120653836
213 0.006974251617288365
214 0.005947582075529009
215 0.007938729885012605
216 0.006655553976694743
217 0.007314267795756116
218 0.007964850565709105
219 0.0075474318848353
220 0.007344770431518555
221 0.007326485344727115
222 0.008501774555927998
223 0.006405398450090211
224 0.008010063852582659
225 0.008011734220716688
226 0.006143245021853826
227 0.007609680360634421
228 0.008450585499144438
229 0.006927269514991727
230 0.0072293437045553455
231 0.007689257204790652
232 0.007910779837904305
233 0.007435009714871517
234 0.00532475699726333
235 0.008140858183515834
236 0.007153535293320478
237 0.006977595357452264
238 0.006922055693233714
239 0.009234215923931808
240 0.00823650856812795
241 0.005735220256188104
242 0.007101676680824973
243 0.0069994200404288835
244 0.006605867479668289
245 0.006721581244955257
246 0.007407724372739714
247 0.00817961924471836
248 0.0214741547261515
249 0.006845341150061673
250 0.007360466957092285
251 0.008289411248438861
252 0.007917778832571847
253 0.008081934668801048
254 0.007271463476766752
255 0.007391053555058498
256 0.007554413750767708
257 0.006794253212004784
258 0.008630051169284555
259 0.007285789173082035
260 0.007561838626861573
261 0.00881286051081515
262 0.010551296117651553
263 0.007176742807540604
264 0.007703866922494137
265 0.008420497966262529
266 0.010574947622485627
267 0.008490878544496686
268 0.008422556208140815
269 0.0071141427334356485
270 0.009032467559531883
271 0.0071434200469858095
272 0.011680474176126368
273 0.00954949113475534
274 0.007162503952527568
275 0.007423158992420543
276 0.007616520791813947
277 0.008415082731832236
278 0.00973271122939295
279 0.007608062477521999
280 0.00788758397102356
281 0.01005923960132531
282 0.008238640237361827
283 0.008129622826727877
284 0.008073221629774066
285 0.008665014568128083
286 0.009845374347446681
287 0.010877672388163178
288 0.00908841441075007
289 0.016159808008294356
290 0.009100030208456105
291 0.00998590574231754
292 0.008296374588796538
293 0.008876320445090024
294 0.008359711997363031
295 0.008649410635738049
296 0.01065514377645544
297 0.011017222998519538
298 0.008044231658013875
299 0.010206858848648326
300 0.009920825958251953
301 0.007899396047243644
302 0.008984905205025578
303 0.012847536074446372
304 0.007895969321625462
305 0.00916728786393708
306 0.010038181847217036
307 0.010062220042225593
308 0.009762886282685516
309 0.0112859971314958
310 0.009268799135761877
311 0.00880816358462024
312 0.009489058684080075
313 0.011004135631524716
314 0.010891654688841219
315 0.011281852116660466
316 0.010104494758799105
317 0.008561965418914892
318 0.009370241525038233
319 0.008810379662110141
320 0.01044716015458107
321 0.010971506808034355
322 0.009735016348939505
323 0.00991143309294993
324 0.011214131926312858
325 0.01034463882446289
326 0.009748238727358952
327 0.009568812285723672
328 0.00999054458083176
329 0.009016641367532562
330 0.010720794851129705
331 0.009642430302599765
332 0.008491480206868735
333 0.011340749156367671
334 0.01055162752459863
335 0.011865653564680868
336 0.010053941181727819
337 0.010021709900581518
338 0.010791384256803073
339 0.011230430771819257
340 0.00974504597046796
341 0.009830026682520891
342 0.010338241593879565
343 0.009265429772023905
344 0.010326382725737816
345 0.010523136802341628
346 0.011276020480029156
347 0.011216381441275737
348 0.011308062350612947
349 0.01105639927708317
350 0.008753248623439245
351 0.01098368514297355
352 0.010365768589756706
353 0.011727706682636363
354 0.009806436286186777
355 0.009951226140411806
356 0.010700496394982498
357 0.01038130257977825
358 0.008733292531700774
359 0.008810182799867932
360 0.009582169188393486
361 0.01048461552141776
362 0.012566854940593572
363 0.00960032999022933
364 0.010573770973708603
365 0.008840758833166672
366 0.011039408829694237
367 0.010615715863594243
368 0.009654251777607462
369 0.01248845046128684
370 0.011365195867177602
371 0.009986562548943286
372 0.012311738665385912
373 0.012825615604185867
374 0.009350699536940631
375 0.009989143371582031
376 0.010205312612208915
377 0.010400417312703018
378 0.010781351220670832
379 0.01080778217567303
380 0.01027627430464092
381 0.010620706037586443
382 0.011620943458916629
383 0.012535460001494804
384 0.011300195008516312
385 0.011297918914200424
386 0.011279507622199973
387 0.011311803369251024
388 0.010899068154010576
389 0.012352380164178294
390 0.01189716657002767
391 0.011608618909440687
392 0.010554086797091425
393 0.010567126383308235
394 0.01108691232458589
395 0.011538018455988244
396 0.010358897724536935
397 0.013242024918947772
398 0.01168419188590505
399 0.010255128219910432
400 0.012145081758499146
